0.3850826233889203
0.1514056880945998
0.15757134791936128
0.3281454478089521
0.21679889399772068
0.27868610174230896
0.24688585345983108
0.15968505388864612
0.639879278908178
0.20216857582731607
0.2516981971209318
0.5007307217551296
0.36561562718583523
0.12844465856147472
0.13646649176167813
0.2843714131829419
0.16819141374532046
0.25824678672628565
0.2296910672793212
0.13537470100452376
0.6367202060623368
0.16908846628078686
0.22988113669070784
0.4406863544262524
0.36034332838812405
0.12844465856147472
0.13610868684343
0.2907696778096905
0.1705407929111969
0.2612703898186334
0.23515625249926156
0.1407419381726609
0.6368781518073415
0.16908826081426792
0.22883263895007575
0.44722464017048236
0.4750499455323995
0.28256359089397853
0.2897457009528915
0.5049684890773882
0.3355493318365652
0.4229715947002769
0.35711821680420824
0.26624252669173976
0.7474390676904921
0.4285895976821733
0.431482623635883
0.6386504500780212
0.37021198157429613
0.13285068319562776
0.14567757618423277
0.30905130443976414
0.1737447053536798
0.2678012515539808
0.23448964945824008
0.15068677398088956
0.62992917081011
0.1729921246737962
0.2370135645986213
0.4625210337238279
0.47802396574421885
0.3252207418172255
0.3258744288066137
0.5355391266927898
0.3558394246327707
0.4453455319189079
0.36911480554545484
0.33017672621738836
0.7956115722424885
0.4522182473582656
0.46148060971465255
0.6561175384866199
0.46862854123896286
0.3263665183475061
0.281429084111521
0.44372483673745683
0.38349727728312666
0.39975092767166476
0.341124009226074
0.3093386043257415
0.6668884751412351
0.2977103016597791
0.3532333924922695
0.554953696695158
0.37413266193127054
0.13310478242023113
0.14138481145397844
0.3012307292611958
0.17641424082588794
0.27275996062543106
0.23182417035180006
0.1639473970028466
0.633245715563721
0.16559594639214148
0.23953117592021517
0.45305949705382303
0.3879892519431374
0.1502193268598894
0.1639207978557818
0.31778606251442854
0.19896561106924945
0.2803794404181474
0.2474188959635393
0.15589614658924147
0.6514088444562939
0.1855251713950334
0.23491656911735706
0.4657838082539535
0.3721046935146379
0.14623761997058923
0.15301083314530914
0.32215283216420637
0.18978146074999017
0.27191310987132633
0.24955133256627107
0.16331562303458624
0.6324563027301869
0.16826618927205883
0.24288792108785312
0.4839910799543517
0.4033329196553549
0.18139880140404438
0.1979924827878485
0.4083811711027203
0.26259320627890803
0.33444085898870635
0.3068675975205193
0.1947301968381623
0.6657822231432214
0.2808671837711037
0.3521842654012528
0.5687813686331137
0.3806892551065572
0.15682819435515055
0.16687186121425987
0.318497116225746
0.19734507339460514
0.2795327106081663
0.24461958973188722
0.17073541520905056
0.6394059155103985
0.17936179222691392
0.25505494228856973
0.455959094137923
0.3656832892212012
0.12514035190582043
0.14764510080467205
0.28873858909108935
0.17162738077541473
0.2600609485816943
0.23355632522444036
0.14926599294282272
0.6416160503202508
0.16744514506244434
0.23512614279540658
0.43268043878240214
0.5945559707656747
0.4529055598164317
0.4530477404409255
0.6431977977546303
0.4556875052327081
0.5429475606840164
0.5318660513107061
0.48551482158778914
0.7946648454469296
0.5070776024440653
0.50616427723304
0.7023207693830495
0.3599378293370148
0.12573344779519144
0.13619793685802925
0.28355889644382754
0.1688512689210455
0.25897220958020173
0.2254257941920094
0.1401101642044005
0.633245715563721
0.16107527204280772
0.2353359262569176
0.4301323741761185
0.0609586946594173
0.03701858830299676
0.04050958002323541
0.0968793161777872
0.030427129947151785
0.05344786903105978
0.05477354957521884
0.0558021224574334
0.16444568624899072
0.12017962704950284
0.08575213664455549
0.10732730512145702
0.1897967408123608
0.02999040201395029
0.04337532823749733
0.15061226691053003
0.061418324474038076
0.047318904618747236
0.1065239923777188
0.04018016135020926
0.47449792206577873
0.11731028711274955
0.12771512245060648
0.1390045298926334
0.09657968073252907
0.04040762294284691
0.04095708210044454
0.11464946352058832
0.052638053791385385
0.06167098094513237
0.08545808331831554
0.046491270721302116
0.29059537332688073
0.12778271011571257
0.14159041037840742
0.1528256515359713
0.4782268842558758
0.29671214751887653
0.3019140193261159
0.5093353602917585
0.3303165169044238
0.4165613142562523
0.3521872737335209
0.314390270238868
0.7311703400635068
0.40948182782193365
0.4358870274103071
0.632099791555069
0.5681264767695481
0.4077052984475461
0.4379339927281807
0.6087675024992507
0.40058441874650796
0.5306108972348665
0.4210995791110253
0.42773607697728516
0.8093534838408867
0.5212537649171262
0.5162336736021079
0.6943279543284346
0.4546365595619231
0.2739610739305888
0.26050263855416406
0.48658539941951773
0.29827974185876044
0.39890371408518893
0.33672517560144893
0.2534554973491383
0.7027405797998765
0.335308619957415
0.4155380316437373
0.5997016704706896
0.39799329679448237
0.1635220440185602
0.16910776188060334
0.37760781056090975
0.2368570389962769
0.2999721465683133
0.25501665108016086
0.18478504530081408
0.6540948697958456
0.22435854893791274
0.31882911458792235
0.5342092775461723
0.4809979183615973
0.2851050067799333
0.3115658092315815
0.5248743366689516
0.3344816457956365
0.44256381707394804
0.3553864618134162
0.3232305277222796
0.7638652672252471
0.4333212861464405
0.4667247766855052
0.6688542224654727
0.48985285771721676
0.32585908245015704
0.3759541501748647
0.5395004504897496
0.3666248904334989
0.46022178007738246
0.3721805663819863
0.3499094804614192
0.7613379773594251
0.46043670264864833
0.4648365157484445
0.654286731140974
0.42009620581587975
0.19016611429669503
0.1975456067127458
0.40513049475870844
0.25225326819999966
0.3250075801729525
0.29153932651365944
0.20262389842110182
0.6739954018834714
0.24552139492041564
0.3570092850160065
0.5662340318373431
0.41124146924358307
0.18250060411052732
0.20121210104997544
0.40553746408041236
0.25855398275299396
0.32948251274962714
0.27474415559349397
0.1994661336317184
0.6905792312717413
0.25373985021079837
0.3461003352339715
0.5997133154388988
0.4551770447115597
0.2531625567380946
0.245389337985781
0.4572329275252335
0.29710515906578433
0.3892279423014288
0.30100333021603215
0.25677033737550803
0.7070051149150063
0.33140516703092454
0.4161673820282704
0.6226382548850642
0.43753523360233215
0.22664295186874348
0.2541599852120417
0.47856149192698605
0.30767704494234194
0.3777386133828785
0.31139932521271046
0.27760814353803526
0.7114268060464158
0.3332531329021139
0.42204194830096375
0.6022479155506906
0.4713994401558025
0.2796819921514774
0.291987861640299
0.5201014102142089
0.32519123946410233
0.43180003195343747
0.32073043484751707
0.2878691820595137
0.7588105295478582
0.412152070701851
0.45875300514808615
0.6604727565968745
0.06156677424997884
0.039091627892316835
0.054457711813849154
0.1155673027420104
0.04206691544456234
0.06339649075787337
0.07212882167082366
0.04151238037023659
0.19050436498860895
0.11894641700292975
0.10256921805312556
0.11134263572210448
0.35615227026744956
0.12454725601644943
0.13548268473702232
0.28112165092026153
0.16157064967595655
0.25473904430679123
0.23182350388205297
0.13963672838960467
0.6326137746379568
0.14114604703991576
0.22799350510403163
0.43412405093509093
0.4285453757426263
0.20825740293816314
0.22732515291666455
0.41295086680809195
0.28845538571679985
0.3633458998309322
0.2974038604060454
0.23940555152825524
0.6774691026533621
0.2693548947158737
0.37022543330773977
0.5636874228520856
0.4173927661510833
0.18927808029433824
0.20970730734941675
0.4171150150960532
0.26346632100891737
0.34859083768439897
0.2806085561919305
0.21572570969591498
0.6624645727693954
0.24572645050630032
0.32512198908286866
0.5655054935137527
0.3774444515643922
0.15174434584743066
0.1702703372210747
0.34013006971088927
0.22149807948932185
0.2842494104881051
0.25181772958816434
0.1756287429687125
0.6438279225332981
0.2073050333338607
0.23827268493461048
0.528024707711298
0.363114835654932
0.1270044522861135
0.12806026719021907
0.2752312092554594
0.17150179578000244
0.26006070669344694
0.21916097856953198
0.1401826240373419
0.62992917081011
0.15819915171092996
0.23323830142526883
0.43522777557817266
0.6339711004023492
0.4897208009573584
0.5147473129083154
0.6901199284863392
0.4694630899718245
0.6146668213138862
0.5169364625065447
0.5260861713171461
0.8371522508532229
0.6003594020348993
0.5709856885722557
0.7325358228334536
0.4802533655948081
0.3322124950730677
0.34814803089695995
0.5605230007746331
0.35978990570019187
0.45864696664276405
0.4088346696496075
0.3431213043906554
0.7638649513337571
0.45776604883569316
0.4858131836318552
0.6975889093322776
0.6911559298304812
0.597366518686418
0.585044577162853
0.7424266076481592
0.5322555876779762
0.6993274660113753
0.6584950366664996
0.5657093865004332
0.873321668513579
0.650287560666558
0.6085381868834988
0.7816633963714279
0.35885631828221437
0.12564863508301138
0.12770255170084324
0.2891448474606465
0.17120032771703564
0.25945610701910105
0.22702532158498237
0.14011047993352008
0.6340356022344901
0.1633356092174746
0.23072048032021347
0.4257538661294455
0.7517133162941266
0.672604375556451
0.7045214611854995
0.8058022023469343
0.5976113648440611
0.7437144431835347
0.7334055697676527
0.6534835025220442
0.8712680579370264
0.6866557509154048
0.6087477605615483
0.7692920732701399
0.50702157533441
0.339624753314474
0.40734368436759166
0.568749935887351
0.39855519588696325
0.4972293515423581
0.3961737438644795
0.3757984789433936
0.7926110769246321
0.4842706133771443
0.5156030645168057
0.6783143035144514
0.3618304060884746
0.12344604640585585
0.1376288882444048
0.2820357322517652
0.17269549397619183
0.26066554825604016
0.22849128844064207
0.1410575094276715
0.6311921049871685
0.15922586790598592
0.22883263895007575
0.4384905501082982
0.3047115488346854
0.05346107037201347
0.10543449420058235
0.2185571510563073
0.12848391572307055
0.1750367458483813
0.1893024674309564
0.13458411528911948
0.6188724948225385
0.12573585265420623
0.1579247800420406
0.39992787397815405
0.39021959811589957
0.16360643309081924
0.17125378653024112
0.3401298665817045
0.2209642364688575
0.2860635723435137
0.2560830026754762
0.1863638487632259
0.6419320997560054
0.2029900309699684
0.2741450275026118
0.5443880714768149
0.3925180118906733
0.17775575226757503
0.18270059276139455
0.372224379341315
0.2249158922258616
0.3081967098118702
0.27634421616226457
0.1800487927781384
0.6499881224799756
0.21942673608421498
0.275613511733189
0.5203823334187297
0.3794726227643477
0.13937473797870886
0.14764527966241675
0.31870044853970936
0.19029714947690005
0.271066501005469
0.23955455294808894
0.16426296825785724
0.6357728474837979
0.17484173427713695
0.238272475151149
0.47888439748934486
0.40806466570898864
0.20088598358513926
0.1963833890877638
0.4087876326014623
0.25567076056665317
0.33032863783898975
0.3002027667558492
0.20783327102945373
0.673520932865477
0.2671009270032934
0.3171502175454496
0.5571367643291334
0.39860164676280757
0.16462325362915375
0.1843105807502027
0.365013597975452
0.22822584710069524
0.29815822660115204
0.2784766527649964
0.17215588051799782
0.661201954483827
0.22703023008346254
0.2814874486554978
0.5072813802780819
0.36852198536228864
0.12895328065060246
0.1388809818860925
0.2956446766797844
0.17290928748028658
0.26030295777320583
0.23249024021702389
0.14184683222659752
0.633245557617976
0.1649789304358171
0.23093068334864753
0.4403097124857349
0.4038738779660779
0.22312470705299464
0.19844633431499406
0.4036076352604233
0.2817274045255023
0.33153868379654733
0.3148648346035358
0.21130581775104884
0.6746276587007257
0.2442890067399182
0.33603114864836514
0.5669498334769546
0.43469667265012657
0.21173150447414593
0.2252677522795196
0.4357013355032947
0.27980529199792914
0.36491841532720043
0.29380545694765386
0.24571997605510357
0.6725740481241732
0.28168309131774516
0.3821833003973299
0.5811534195449146
0.3956946802363859
0.16970676322493686
0.1724167195862019
0.3691771368758589
0.2543702724083785
0.298641882151804
0.2715455006893963
0.18510093228494426
0.6670451573202798
0.23483734140296236
0.3416946727587784
0.5352900761580921
0.4726841401000236
0.31535272768188644
0.2801829822042804
0.5148203561037425
0.37239154838610466
0.46300373681058976
0.3997733469684157
0.3112332947722835
0.7182192628103476
0.42304179620474575
0.44469835236069327
0.617543581293523
0.3852178798652113
0.15521810847147666
0.16731918443372432
0.3456143545707266
0.20238321022586503
0.2823146673413736
0.24182081667603278
0.18920525297479976
0.6485662948834423
0.20915402653764464
0.2819076449289044
0.5436715420266902
0.47464404091464474
0.3201367238535372
0.28957274551377826
0.49003879868993866
0.3582959141306186
0.445345894751279
0.3645837443230107
0.2968680934255094
0.7270640665848719
0.38441532344642143
0.4505712403656945
0.667021595593544
0.37636321088735547
0.1463222632268009
0.13745047764407864
0.3158568430819938
0.19554854586244427
0.27191323081545005
0.2454194867223231
0.15700135637229767
0.6382995055666398
0.1752524618484631
0.2393207631083196
0.4628849389803666
0.5177014294061234
0.32433372455067905
0.29976790524760577
0.5424467377503707
0.3692947462755933
0.45623086588373085
0.38684330069942
0.30902271734161135
0.7712890331319631
0.43763032998128404
0.45497732240781064
0.6906881739525351
0.9177345912388412
0.9174713848178976
0.9607379527459627
0.910009302301017
0.8414134890245548
0.9725436278713798
0.906423781986549
0.8564979578640546
0.977726806930912
0.9373275750656517
0.8336364704352167
0.9901723746419172
0.36216831069865885
0.12819072879283974
0.13253162137854427
0.2939185864321283
0.16938521873147194
0.2576421870519398
0.2231600636398632
0.14042620905309047
0.6428796162802892
0.16970486583755448
0.23344787510331835
0.450511796352796
0.36338507822975025
0.12471662725685695
0.13458848544245516
0.28508236532966696
0.16701693774230641
0.2586096190973674
0.2272920427777606
0.13963688625416446
0.6308763714429039
0.15902122325313905
0.23051090664216395
0.41192619419148985
0.42949169791557673
0.23710457026135873
0.2276888601404874
0.4401702791330162
0.3232680590369083
0.37338486681814514
0.33672530889539837
0.23908871735676632
0.7112696500301361
0.33181712740136426
0.40903474433689546
0.5993494101823602
0.45551521969950753
0.2680745972285815
0.2476314092443162
0.48963254032038145
0.323161269074823
0.39914560233257673
0.36258420178784506
0.2566126306802826
0.7060574404449774
0.3809223926247382
0.4149095203930503
0.635009577986352
0.3895441268677358
0.15826848535849597
0.1655304281291006
0.358513464062537
0.22201344784634547
0.28751514371608805
0.2524841993352364
0.1860479617790957
0.6436699767882933
0.21100322520794754
0.3127453942041025
0.5447628938910497
0.3957627478383974
0.17012997950599518
0.17688771605903772
0.37516975252060464
0.23570125123662777
0.3032381216845436
0.25408386002215877
0.1959932711810037
0.6653077541252269
0.23915111096774114
0.3328839771587767
0.5644141416493933
0.47167029108058905
0.33636484412253836
0.3037860339108918
0.49978849173634926
0.35776153716034387
0.3973316823654155
0.3384578636498869
0.3087080932739594
0.7089009376922989
0.3303782453693497
0.3964479464296953
0.6015332056268486
0.41110641555061483
0.21719374815928455
0.20416987157387928
0.41935004551617205
0.28151361102140754
0.33202233934719927
0.3147312740662226
0.21256920782300984
0.6885265683696588
0.2999689951022946
0.36896673253867357
0.5851574690826093
0.39549196450805174
0.17521408219766768
0.20273248130869495
0.39334930673532703
0.26699081691758036
0.30493121847213467
0.2607489573747277
0.1914155146763524
0.6593056578692993
0.23093388847647192
0.3360313584318267
0.5542255222768242
0.37406506749034546
0.12683491158973761
0.1378079248468374
0.3178871192838559
0.17513329523067486
0.2638102164162055
0.22982396134688737
0.14610901747623822
0.636562734154567
0.16600626303042978
0.24183921356375948
0.47525771770268066
0.41522940606927783
0.21198568842673352
0.1869038391904326
0.4085840971583141
0.24638046102508113
0.33504606338367066
0.2966040967095589
0.2019922823174012
0.6615175300823466
0.22641300866061925
0.3129543385317675
0.5691460017001654
0.39319382111104173
0.15699756559555808
0.17179044919317718
0.3658255053270121
0.2305561108633584
0.28424989426459984
0.2791428559241696
0.17862816960463138
0.6526722524705874
0.2128532457443261
0.2764522260123101
0.5320149288492443
0.3938698331147329
0.214103464391709
0.19200137434291017
0.38756012496913705
0.24958362593782946
0.31436461823201217
0.30020316663769747
0.2053072802083307
0.6638865583116738
0.2428503301744226
0.33351311775984827
0.5225654010527051
0.3931940914888054
0.16521609533457218
0.17340043718198533
0.3536384651924431
0.21786722077842194
0.2762675821008018
0.25821597245400557
0.1811541604257544
0.6520406274363131
0.24141185907544588
0.31547278898720743
0.544399716445024
0.3619656625647656
0.1268348268617534
0.13682402839330926
0.2893480782100175
0.18303500489525187
0.26175416631340903
0.21782830566328668
0.15116005193112558
0.6324558288929519
0.16744473412940653
0.23701440373246735
0.44942008058318
0.4050903751194056
0.1917358696598917
0.19110699619059832
0.39202927172804336
0.2694278706423288
0.3153318083891924
0.28394130480913904
0.20357077005069346
0.6607271695743425
0.24860339270425375
0.3580584121070231
0.5480391329156672
0.38717811865203705
0.17114722368425067
0.16946529851223446
0.3640990088209864
0.2118870896916077
0.29452978194621104
0.2682126187782383
0.16978806998577956
0.6690981361138524
0.22148222313951607
0.29197725108143374
0.5429433676083564
0.429761872895954
0.22223701196257464
0.2140067792450969
0.4327563685823746
0.27884418233916153
0.35379216066797925
0.31713096503753024
0.23356408922252336
0.7017938530043176
0.268738700625625
0.371904120566751
0.6153601497542912
0.38089217361821415
0.16233585223981814
0.16445728166097318
0.36145782159590273
0.2151976853062138
0.28364505270200663
0.2590156028565426
0.17862864319831073
0.6518826816913084
0.18717527300850034
0.25820190399469667
0.5171071861098819
0.3630470384306842
0.12497098066541291
0.1339624833360475
0.28843379374932904
0.164686353609757
0.25740005691630463
0.22422654852912793
0.13797236233578927
0.634825015068024
0.164567997397972
0.2426779278428806
0.4173964180077788
0.46741184130231234
0.29239110505287197
0.25335503593207376
0.49196822125155815
0.3350154888161008
0.41571494727864233
0.36365028679526157
0.28487022901727416
0.7382782144802131
0.37681224038021166
0.4289650123142892
0.6037166371660805
0.7569937264247488
0.6798070167649568
0.7120337547490084
0.7879273419093799
0.6215310348716214
0.7860453702528978
0.7324741116491448
0.6441698092238368
0.8886431955077703
0.7657607716336211
0.6135734095266866
0.8286082661806833
0.3828522772161581
0.14005264658025993
0.1477343508192713
0.33627071676468834
0.19554854586244427
0.2766299306953888
0.23888848308286512
0.1570011985077379
0.6384579251488797
0.1818269795209466
0.23638484356447276
0.48508243181871114
0.44071237510913125
0.2347769230795301
0.2218766988691093
0.4496168018711448
0.29689147235165164
0.3598390040203036
0.32579573821921415
0.22724998042479458
0.7100063999615875
0.3040781200142265
0.38029545902719214
0.6000652118219717
0.3943507675619145
0.1778404802517709
0.17366836608352781
0.37019318905812143
0.23046811593460012
0.28183089084659796
0.2636808910860471
0.1858900972193105
0.6515669481470437
0.23175513815260532
0.29239597887060975
0.5524056320888744
0.4753200529183359
0.29383181969613836
0.2513873324538898
0.5083197143678655
0.3590429099154053
0.433372426505582
0.38524377330644705
0.3244937599296808
0.7558098762842569
0.3840045958750953
0.45266991411465085
0.6612111203623914
0.44868851913828445
0.26282180112037506
0.2735657822240621
0.4956238356254261
0.34238356904013767
0.41716627676296925
0.36458334444116247
0.24887742511536742
0.7150605058559965
0.3581160199573739
0.4402926898855002
0.6240946037217319
0.4970177332663878
0.31598606936375045
0.2808088948818157
0.5061873657506523
0.38787566572862364
0.43978319072610134
0.37977898796835496
0.32449328633600144
0.7524926997476659
0.40270204909704654
0.44050289291393424
0.6244585089782705
0.6082776422734552
0.4596837985521004
0.502584181409687
0.6489865732624507
0.4453283449606244
0.6016044931225729
0.5208021203335121
0.48472613024710226
0.8573688323766033
0.5660462879083159
0.5432953205701075
0.7409063715443557
0.4386844066924986
0.25663640409012484
0.2349264282081557
0.4628187769774601
0.31790955231939255
0.3695147758040637
0.3111331371957299
0.24493065325617755
0.686631061483856
0.33674729652291063
0.38700873957900656
0.5782429053031185
0.3905578406982884
0.17326533856116294
0.1869040180481773
0.37811471944152475
0.24187595363436143
0.3101312110703543
0.2807421167292437
0.19315202483398963
0.6523563609805777
0.2329879372661406
0.34001598549976714
0.5571367643291334
0.6949334451615764
0.5816066899860673
0.5925561552953831
0.7344027001556275
0.5368472356777575
0.7013831532818007
0.6731559048686415
0.5982310644617829
0.8380996094317618
0.6443290316178043
0.5894483114529183
0.7467299473647437
0.47227796510450504
0.2670583697861364
0.30378549733765775
0.5291409636306336
0.34248971826245045
0.4114816610611081
0.34312315187939135
0.28108132171786954
0.7322761182242855
0.41626304481245324
0.4405018439966267
0.6346471283508396
0.38062159307119126
0.13132541002413392
0.15059607473427775
0.3140271569501006
0.1875203968827583
0.2653823690801026
0.23928796504926012
0.1491082862475973
0.6362466847188123
0.1711427205369744
0.22820370813246568
0.47924793884062694
0.4578131603131948
0.28790077607444403
0.2884042678677322
0.4937957745270112
0.32924904444341924
0.4301065723334754
0.34898808565362555
0.27555574639626784
0.7360668161044008
0.3788679329020317
0.40735731577865325
0.6473845401402054
0.40664491207179937
0.20275025342140074
0.18431022303471334
0.4010680126277289
0.26891250228530517
0.320774414899542
0.2670128399395592
0.20057102768565505
0.6749426025162653
0.2510694018643621
0.37714807775414216
0.5811537834501712
0.3943429942012081
0.17673910118520894
0.18466811738183384
0.3799429836691245
0.24520555786221873
0.31811388606652335
0.28154214701362906
0.18778462980129274
0.6594643933430291
0.24284991924138474
0.34274379984979503
0.5331179256818129
0.3783911117095472
0.1444579933905394
0.14925482050686317
0.3299735089073671
0.18721914239971568
0.26888999055547336
0.2448865775125643
0.16536802017635366
0.6466703141604047
0.17463565135865763
0.2412096533957649
0.5178349966229592
0.3641962791152915
0.12234441315534131
0.13727126218390134
0.28589518676255854
0.1686376889968749
0.2581257216584681
0.22076077255040377
0.1405839157483159
0.6334035033629808
0.16333499281791783
0.23197960065620266
0.4505121602580525
0.5964485475171345
0.48455358011318983
0.5042910208672436
0.6668625509105215
0.49968411529215173
0.6051125983744384
0.5703876028096232
0.5358734582947091
0.8204095280454783
0.6085836103878118
0.5158126381948552
0.6921434310734331
0.32107021467183305
0.06862788791097732
0.13718156502494036
0.29503589851300294
0.1614641800837575
0.22026996905402707
0.21796106643690344
0.13158547797599954
0.6256646356949802
0.13107880401226799
0.17995183371723708
0.45051143244753944
0.36561569478027617
0.12124303408877933
0.13807621146386925
0.29838681910970305
0.16575425323060994
0.2554313284708152
0.22302636980860055
0.14263583929640397
0.6375099347873608
0.16559574092562257
0.234706366088923
0.42831357570393835
0.36953623994836865
0.13124042785598547
0.14084832764878708
0.3143328663731924
0.17043443010895992
0.26453588115836896
0.23568956159086862
0.1497397444867381
0.6400372246531827
0.17319759119271877
0.23911202856411612
0.4508640566411254
0.6807466563057908
0.5563578354236857
0.5193080065401123
0.7077921675620771
0.5260611291372567
0.6256733412906503
0.5883821526866195
0.5590792328540144
0.8448911185212234
0.6022086007052022
0.5453935747521408
0.7176160712206255
0.39285571371753475
0.16767320687625206
0.18001799487769304
0.3867474051008379
0.2212843927751892
0.3060192318088851
0.2754107586345155
0.18225921234425083
0.6534621391413564
0.23381000880834968
0.32239522365014833
0.5607641719263107
0.6233510674108544
0.46002262576089964
0.4953408004653163
0.6603615029162749
0.4548324380062912
0.5808014991266021
0.5200026232249245
0.5014591421260947
0.8306760014707908
0.5691276692925973
0.5630153855190673
0.6928595966183012
0.37237365179507853
0.1733046523458298
0.21955092218606018
0.4152860399163067
0.23922467924566987
0.3172652211505632
0.2516833692871546
0.20972701428863705
0.6962635406887192
0.3044882311859959
0.34043450350548166
0.5862448179891468
0.3867047547822391
0.15708237830773814
0.17268500620323374
0.3454120379026871
0.21861496409294315
0.27481540600760906
0.2587486150758656
0.18525832325105013
0.6408275851611868
0.22785147975959597
0.28547375399113034
0.5360167949553998
0.5961105753125093
0.48497637275432715
0.4796017660771426
0.631212871158916
0.5021404980000376
0.5448820619425006
0.5196031412585295
0.49198726853898245
0.8073005050473142
0.5220768637919299
0.520428713481944
0.6914152566550993
0.3790670561187975
0.1454748139288739
0.15614084367734743
0.3202234096025869
0.18219990739174488
0.270220134027859
0.25768292995029735
0.1557381241648965
0.6401950124524426
0.18470351078586217
0.24351685190546318
0.48180801232037634
0.39616804410618384
0.1841949943384761
0.1899443314212546
0.36237251231496076
0.24700197860441753
0.30166536430002805
0.26954569156633185
0.19236270203506362
0.6659398529967362
0.23935739935273936
0.31589214612676797
0.5527680817243869
0.38677241681760505
0.15377832583603643
0.16687221892974924
0.32174687848842637
0.19884023965376132
0.28388706189351814
0.2722117038485695
0.17562905869783207
0.6330880857102062
0.17936158676039501
0.2630267138259888
0.4847196182779421
0.40218374656518846
0.2128328835407079
0.1891397398567761
0.3674500309822789
0.28247514784002353
0.3040844886621536
0.2906068020435562
0.19788748803386635
0.6646758131994628
0.25168539048809185
0.31819955441992775
0.5480394968209237
0.44929639594552323
0.23655570237973794
0.2640797040190498
0.45520224506500184
0.29229993114183245
0.37580326551552856
0.33792482114617867
0.2564544503913778
0.7264330733335777
0.3443551053190556
0.42644656185884927
0.6521149445699513
0.3653453170165761
0.12081956362376843
0.13879164244262088
0.29584811055834015
0.17470581501244745
0.26305056637528407
0.22302650310254996
0.1442146427588158
0.6280335059785623
0.16169146613305643
0.23365744878136788
0.4388664642383026
0.3844068817629928
0.1553034295515619
0.15220570500759653
0.33149616527646747
0.20120830706300266
0.2613915758305747
0.25221747814245815
0.1573167697627485
0.6435120310432885
0.18860737464539049
0.24162963988570996
0.47962458078114445
0.3840689771528086
0.1592008320965872
0.1745630125224567
0.3561776815667679
0.22673089442146324
0.28715243228913
0.2644805214885842
0.18873165929544417
0.6435126628262685
0.2294952119109763
0.28966921343788943
0.4945334152362764
0.8566222544152012
0.836470669374799
0.822300985211058
0.8986343726471927
0.712945485005835
0.8761500727902208
0.8580384782309654
0.7936684945277829
0.8693734987256937
0.7409003501765882
0.6087506975300095
0.7831197452080956
0.4586920908285429
0.29467918426608114
0.24556828515934123
0.417927125576798
0.3276282931888508
0.39406631196980363
0.35312019808547235
0.23751133467539257
0.6686249306618179
0.29257363868671554
0.371904540133674
0.5534980756690034
0.4910094661958849
0.3568240257383281
0.3199787409684664
0.5292421219646533
0.38712834957395076
0.49263553089209233
0.4341622528596884
0.305708350908921
0.7809232497400213
0.48981903125412857
0.4518309900520683
0.6819537199850945
0.4434836795926164
0.23994524538749326
0.23913575580051316
0.4549988111864461
0.32378342739393196
0.3766503581578807
0.3417907455610449
0.22567117696238276
0.7163247035990149
0.30818745039267736
0.3987557742897781
0.6211829977641661
0.39447845346082183
0.16767295269229948
0.16883938583469912
0.3852242409087756
0.2221388192618336
0.28485449393894574
0.24848551414675343
0.1871533294267117
0.6582000376542656
0.19600478572615873
0.2837948569486576
0.530195402566551
0.4521357680310199
0.25663606517818804
0.25022493597116313
0.4845541075717318
0.3265790818113628
0.4088208903398421
0.3440556763494946
0.25976960614686706
0.7270642245306168
0.3498971537339533
0.4253978543347557
0.6419237778605864
0.4748471622096244
0.28154626198773886
0.25827353448211876
0.4934918932665824
0.35380977461337765
0.44195970117609695
0.3304610264487186
0.28818522690820364
0.7166399633060445
0.36058182365096336
0.43462853642470245
0.6237310623704497
0.4129991274909565
0.2112231365689708
0.21310605164284863
0.3877635588476928
0.26859202560908724
0.3302081774917906
0.31406600396469525
0.20278128938720766
0.6526728842535674
0.2132635623826144
0.30288515194616117
0.5385779601509187
0.5327080712358886
0.4010975324160795
0.33079972395095686
0.541938102271685
0.4410571736370611
0.49469133910664137
0.46162160620275394
0.376589696117037
0.7019527464237925
0.3482544489151676
0.4564466457722339
0.6139059843491628
0.4065773852253153
0.20164878962685456
0.19924511300277023
0.41416994661054074
0.24723456714183928
0.3345620450006477
0.2908731233544862
0.1958355644857783
0.6856829131765921
0.2543552224349714
0.3729521987404601
0.562593887556187
0.423205550098431
0.2165604064774205
0.18422088359124172
0.4015764449772297
0.2670972865097794
0.34617292276351036
0.2979369029097536
0.21146352444627428
0.6523573086550477
0.24408312928795783
0.32029696946811503
0.5531345343177213
0.36602119383138537
0.1285293865456706
0.1378079248468374
0.27726199328028345
0.17192916920826776
0.2636891513483879
0.22355981219415702
0.14137308068268215
0.6389314464924041
0.16374613132228183
0.2315598239497191
0.4519557724107413
0.37933723109917483
0.15437133699742325
0.15569343102901065
0.3099653857712678
0.2062272217010872
0.271671826344557
0.26647966414190155
0.161737135301294
0.6558308514791935
0.17853992615122377
0.24456618877994135
0.4927255339217924
0.3668323271224857
0.1342906352870364
0.13771840654562112
0.2811213462264844
0.18346205795363094
0.2641730487872872
0.2483520869033896
0.15494911709509004
0.6359306352830577
0.16189754905153572
0.23072048032021347
0.45415157672869555
0.3931940238943645
0.17368838538625286
0.1730424534059925
0.35546530751574934
0.2335649180451115
0.2941671914633767
0.2711452189593048
0.18857347900653937
0.649671757152731
0.22928953992553483
0.28400485019363014
0.5425794623518178
0.38481244840854295
0.15623501373779536
0.16946574565659617
0.3540441141744459
0.19725718525580896
0.2756628614823323
0.2639466792211794
0.17768082438136037
0.6371942012430962
0.22168789512495754
0.2777113463482993
0.5094648118173137
0.37480847115163896
0.13835808689634277
0.16257954362836724
0.3192076621141015
0.1927531050249376
0.2721556028393326
0.2451530321174437
0.16947234086620916
0.6401951703981875
0.19600416932660197
0.24960120163966754
0.4843549852108904
0.37859403022120414
0.14623719633066826
0.16275804365756577
0.30204365225867974
0.1901901459348906
0.26973635753308334
0.24262058037251927
0.1475294827851855
0.647144625232654
0.1682668056716156
0.23911202856411612
0.4898139279642267
0.5342620674327551
0.3841512577530342
0.3971490612069982
0.5713911231124348
0.38648750301147694
0.49323892112520124
0.45562124577591473
0.41100306509829276
0.818198129669666
0.49207834109620086
0.510567841873618
0.6910513513985607
0.5335183933936979
0.3906302372485231
0.40063642951292294
0.5812421776220499
0.4245050498837271
0.5127112878722917
0.4392275562313855
0.38227218881106517
0.7919800836733378
0.4972205516652753
0.47700458586646866
0.6917784341011249
0.7362350680500275
0.6822642130346209
0.6377183618311849
0.7506526286795455
0.6361624343668894
0.6724782333836985
0.7408708306985563
0.6328034030547424
0.8079340254305285
0.592757757234322
0.5546246764090106
0.6932347829377926
0.3694685779130027
0.13191842118552075
0.13852344525446136
0.2956449813735616
0.1733360201687794
0.26042353906452864
0.23902164373833013
0.15147609677981555
0.635772531592308
0.17340346864467915
0.2338674420263404
0.44578139192305005
0.36561582996915803
0.13166423723293316
0.13530391642120676
0.29087103927289504
0.17598729455747095
0.2583677308499796
0.22569238209083822
0.1446880785736116
0.6345094394695044
0.16539047987321895
0.2391116089971931
0.4552425646877984
0.5548181452680241
0.45519304593375154
0.41387860978525354
0.6196349138849055
0.451735849475704
0.5137995430972895
0.4950765213904798
0.4196853001573594
0.8061947268865356
0.5115970439942855
0.5086818885546339
0.6786796643920162
0.3729158944001791
0.128275202593083
0.1378974431480537
0.3007231094284341
0.17684097351438077
0.2623586450436312
0.23035740373244384
0.14658229542647427
0.636562102371587
0.16580696050707494
0.23827331428499504
0.45451548198523417
0.3853532039359432
0.1464917191951926
0.1597174619978714
0.32824680927215666
0.1941601695653734
0.2796536547318602
0.25421675408972494
0.15984291844843132
0.6466704721061497
0.20278415351800802
0.27288674630046866
0.48872257609986725
0.38150059118098034
0.1613185233335785
0.16651441401150108
0.34205949227250876
0.20225687770071815
0.28884504530022626
0.2650136972862418
0.1683676046768323
0.6409847411774666
0.2068938948294967
0.3060321136522881
0.49562440319537926
0.39975054947521027
0.1856352006138373
0.19566786868013983
0.3506925841901915
0.24680730050353603
0.30481015340431705
0.28554123208396026
0.20625415183792234
0.6507775353135097
0.23463187488403983
0.286522461515224
0.5298438700887347
0.36588607254397626
0.1320032338977008
0.14648243603532835
0.29564508293815395
0.1841027977261427
0.2616331012455914
0.22715848224044735
0.15084463854067476
0.6384576092573897
0.1692939327997094
0.23093026378172452
0.45304712427510074
0.3980609588298483
0.1636909916190467
0.1817171434522281
0.37456016183708407
0.23890473651926233
0.2973116177352947
0.25914889680595704
0.18999473363828556
0.6548841246836347
0.22970088389641774
0.3425342261717455
0.5338471918159163
0.3789991913001088
0.14801656872676547
0.16991262173169888
0.32052840807353195
0.2091983320262242
0.26828514899288014
0.27741003458178226
0.16868286020272336
0.6419324156474954
0.17443100670581077
0.24708296096768914
0.49490823765051123
0.41759541428497654
0.18148361411622443
0.20639879678817993
0.41305273609425847
0.26782591442108733
0.30988968565533753
0.29380519035975505
0.21256889209389027
0.6859989626123468
0.2929837498584849
0.37693829429263115
0.597517147215688
0.6256485348634552
0.5125132218019338
0.5319174775406095
0.7115497527867038
0.49445130036001034
0.596403049194869
0.5369301550368585
0.5265603964547408
0.8472603046962957
0.5976926520858037
0.5672106351823648
0.7212558515965252
0.48512131444690576
0.30319172011025486
0.3496621511346154
0.555141296153109
0.3443060019375971
0.446070954772824
0.3455225762628002
0.32007339439113536
0.7777643348399251
0.46618914877892276
0.453718411855283
0.643369209539558
0.49202345040420126
0.2790444987983877
0.31246644740495744
0.49765604155454357
0.3488975431474163
0.43022800023366403
0.35831759576103916
0.2875534529399433
0.7596015218388422
0.41400168030519174
0.4407116274581377
0.6877765679949693
0.4021162873131453
0.18461897317139217
0.1762618033815024
0.3855287315567587
0.23676915085748068
0.30868012347427476
0.27727700722026666
0.19899222422324322
0.6401954862896776
0.21120930812642683
0.2923963984375328
0.5458564291869483
0.6454551255377475
0.5478456384914487
0.48533147392821957
0.6998710434370433
0.518907269577163
0.6201096697124832
0.5542601012820745
0.49561894273684104
0.818199709127116
0.49454476118934704
0.5307087324463688
0.667397873628805
0.5829304028709792
0.4713765145550815
0.4356991652083053
0.6509167067762169
0.4675412978141376
0.5232336685219092
0.48388089599126444
0.4698865458981736
0.7566005526837509
0.4703007392890817
0.4816206611535573
0.6579377925798262
0.9248316695637644
0.9113705463158748
0.9069900378919075
0.9227052826080487
0.8535869039625056
0.9571826356651401
0.9200201647086674
0.8130853617876835
0.9289201502127213
0.8888364492673372
0.7709112154434193
0.9235871742320143
0.9179973308307168
0.8983666647574627
0.8637064636774351
0.8492726604062929
0.8093757528692327
0.8796563638802309
0.8880300167310565
0.8085065002311137
0.8698478097979432
0.7937056564727193
0.7104931589613201
0.9403144432540699
0.8176933315921006
0.7708895150475206
0.7300086898035256
0.8081383911010729
0.6783238589278971
0.8014043064090347
0.7685941060614624
0.6686378688031845
0.8717425269550209
0.7129546434714144
0.6320345639231185
0.8504422176677457
0.7540124736077506
0.7068804037390121
0.536574307210176
0.6300945434321175
0.664568564281577
0.6213188690611748
0.7839271756505012
0.5706039771765734
0.6420898875552652
0.45406908976071986
0.597840698830667
0.661212212078161
0.7098051008928145
0.6832415503323201
0.6226054189782912
0.7820370018091701
0.672471662215661
0.709367279607454
0.6643617032620762
0.5868648161572483
0.7630771179576731
0.5372834408573871
0.5812680151547572
0.6499311491254629
0.8358021526936791
0.8581606096890178
0.7647079865617022
0.9130560369435111
0.7768058823328395
0.8587339980341742
0.7909905553239203
0.7999818140027127
0.8624251495114422
0.7850762681444915
0.6773475818260392
0.8391618825255607
0.7227166530261084
0.7599604523660968
0.6044516261790861
0.807020774326421
0.7475447919816971
0.75665667386002
0.7132807159911152
0.63453959748326
0.7761869306845621
0.5580355592685639
0.608750907313471
0.699409891235997
0.5592053624562631
0.49552415950686957
0.3559295053662242
0.5401093302211234
0.5589531849892612
0.5142844080891784
0.4973442513518672
0.41968561588647896
0.6845790303647535
0.3651031143998539
0.40588988046538366
0.5833390345156858
0.6774940118084785
0.6202436675151892
0.5417606452328911
0.7846764624361832
0.6405410363923104
0.7175895449126608
0.6511638694487069
0.6143316709142758
0.8159873630768336
0.622140702239359
0.576233002295031
0.6641245458462398
0.5506199897310525
0.4669702357369759
0.3747084059831135
0.5993217922778612
0.49808290660064486
0.5892692810029074
0.5577249442031528
0.45394254108898763
0.745860084077679
0.4832436917155694
0.4958848876189997
0.6331918712299416
0.9196886789315428
0.9573802988457676
0.9338201304570504
0.9956315037521515
0.9190507525702208
0.9649237852462924
0.9390831988841697
0.876231817160004
0.9481912685065029
0.9095928824754113
0.7667180636147368
0.8449741772829961
0.5175673220353281
0.40524861054578715
0.306117534041771
0.4521544947765838
0.4278150047585607
0.418618452856162
0.4329627406089081
0.3289149147910252
0.677628627855817
0.3223730643256085
0.3756806424408725
0.5829740375433775
0.6243653219969345
0.5907584137430146
0.45269038266703904
0.6726506154661952
0.572729196888226
0.6181740799568859
0.6149091148535313
0.5164573803576075
0.729434358380159
0.4427688421530179
0.5126694525910356
0.606263246151338
0.6152410863886697
0.49768675657548467
0.3240925585251605
0.38370026419997416
0.4388140504834595
0.37713377182028524
0.7075506756936883
0.382587602201516
0.4728838744975746
0.31435391155858067
0.44574747945170995
0.5786064466544006
0.5900956163923549
0.5220442727441259
0.3879448628076141
0.5852031967252326
0.5409049338671122
0.5604850633402517
0.553727591954164
0.4567844188942409
0.7136396259339332
0.3844161453124971
0.4780541325244083
0.6255509525583995
0.6220000573200859
0.5485642165254139
0.49481111325442306
0.7008861815379743
0.5487018825788836
0.6210777064785292
0.5562600436990883
0.4845688971455562
0.7071640083344811
0.4748267557679075
0.5177034165334542
0.6179089421710878
0.5216225829241842
0.4068991116779225
0.301825395313623
0.46078819608182087
0.42760217236412473
0.4559894614128378
0.45722250599023007
0.3551198002571298
0.6746276587007257
0.3223660784639652
0.40462950142862536
0.597529883899667
0.5563663959374119
0.46015192066478255
0.33437714713133193
0.6005401611281632
0.4586774105911721
0.5050926546884413
0.48588057182037947
0.39174437812729695
0.6992670369757307
0.3786632882491849
0.45204182243088686
0.6018971108833873
0.48316175160448926
0.32280887501910616
0.24020273167644884
0.427270966512021
0.369187956313508
0.4152312917279904
0.3627181622070066
0.2716102374535562
0.6795235029586397
0.2759302342544329
0.3469405179973232
0.5396700398257913
0.42036651598513897
0.26366916569031784
0.20022874116968137
0.3719196855641471
0.28194034370990034
0.34230258986118156
0.3305939205162848
0.23609071150188554
0.6553582778101391
0.24223454701721173
0.3181989250695432
0.552769537345413
0.6925002480715982
0.549664833040118
0.512160672204639
0.7163242027103324
0.550943617462978
0.6315992405192808
0.617174712111728
0.5565533998974512
0.8415756793878275
0.5915311221163545
0.5202197691542789
0.7321726453874281
0.3566927554170861
0.14784736694232634
0.18217010069065023
0.34662908641328805
0.22352698197898033
0.2526834779804895
0.2403549831143225
0.21493686049066832
0.6441442878605428
0.2167571096038544
0.2600891160144499
0.4738017327712695
0.4268555147195006
0.27607910407951686
0.22634760591307282
0.39974858700799953
0.31205596733764934
0.34629374594308054
0.3181979831025926
0.2534559709428177
0.6507781670964897
0.2502534943177207
0.33141591249512253
0.5596844650301604
0.5186480895512784
0.3966911688699897
0.31121489033650385
0.5375704185405757
0.48985922520038067
0.460947807651917
0.45802173651091893
0.3911129198881561
0.6834719886380148
0.2956613895330835
0.45330010363302997
0.6066271514078767
0.36149229869496763
0.1412380758071442
0.16266870421409416
0.30925433205995034
0.18956798761578167
0.2627219611912077
0.28114173198958814
0.20893753362515124
0.6542513940291454
0.16374674772183861
0.24141880750689138
0.5069182028320562
0.40475247050922136
0.20961322014126527
0.17885515125060464
0.37933420550234304
0.26346642779887947
0.3054147530786629
0.2930056932511674
0.20530743807289048
0.6634136687511293
0.22456360452379745
0.2976409849753085
0.5400339450823299
0.37257792219555397
0.14539025540064643
0.1528315282562595
0.30265273511923835
0.19821850849450073
0.26864773947571446
0.24448682895827045
0.16663093665463527
0.633246031455211
0.17381440168252424
0.2430970751989796
0.5098287170738524
0.47099400869913416
0.2869241166006184
0.24717764714604298
0.46302200772683105
0.3260451320009363
0.38487407479257174
0.3244617323734747
0.2974995516646502
0.6431964554447689
0.29031330151204865
0.35658908874259987
0.5451275269581014
0.4738327048402216
0.3408546647330611
0.27311228841240587
0.43600623240964737
0.35957653935594547
0.403828921634376
0.3679156931765228
0.3310381931201362
0.6769962130928178
0.3040797637463779
0.35281403535270894
0.5746038527377321
